start
I move:
[0, 2, 0, 1] 80 (4, 5) 603 1.00064396858
with: [(0, 0, 0, 0), (0, 0, 0, 1), (0, 0, 0, 2), (0, 0, 1, 0), (0, 0, 1, 1), (0, 0, 1, 2), (0, 0, 2, 0), (0, 0, 2, 1), (0, 0, 2, 2), (0, 1, 0, 0), (0, 1, 0, 1), (0, 1, 0, 2), (0, 1, 1, 0), (0, 1, 1, 1), (0, 1, 1, 2), (0, 1, 2, 0), (0, 1, 2, 1), (0, 1, 2, 2), (0, 2, 0, 0), (0, 2, 0, 1), (0, 2, 0, 2), (0, 2, 1, 0), (0, 2, 1, 1), (0, 2, 1, 2), (0, 2, 2, 0), (0, 2, 2, 1), (0, 2, 2, 2), (1, 0, 0, 0), (1, 0, 0, 1), (1, 0, 0, 2), (1, 0, 1, 0), (1, 0, 1, 1), (1, 0, 1, 2), (1, 0, 2, 0), (1, 0, 2, 1), (1, 0, 2, 2), (1, 1, 0, 0), (1, 1, 0, 1), (1, 1, 0, 2), (1, 1, 1, 0), (1, 1, 1, 1), (1, 1, 1, 2), (1, 1, 2, 0), (1, 1, 2, 1), (1, 1, 2, 2), (1, 2, 0, 0), (1, 2, 0, 1), (1, 2, 0, 2), (1, 2, 1, 0), (1, 2, 1, 1), (1, 2, 1, 2), (1, 2, 2, 0), (1, 2, 2, 1), (1, 2, 2, 2), (2, 0, 0, 0), (2, 0, 0, 1), (2, 0, 0, 2), (2, 0, 1, 0), (2, 0, 1, 1), (2, 0, 1, 2), (2, 0, 2, 0), (2, 0, 2, 1), (2, 0, 2, 2), (2, 1, 0, 0), (2, 1, 0, 1), (2, 1, 0, 2), (2, 1, 1, 0), (2, 1, 1, 1), (2, 1, 1, 2), (2, 1, 2, 0), (2, 1, 2, 1), (2, 1, 2, 2), (2, 2, 0, 0), (2, 2, 0, 1), (2, 2, 0, 2), (2, 2, 1, 0), (2, 2, 1, 1), (2, 2, 1, 2), (2, 2, 2, 0), (2, 2, 2, 1), (2, 2, 2, 2)]
AI move:
[0, 1, 2, 0]
with: [(2, 0, 0, 0), (2, 0, 0, 1), (2, 0, 0, 2), (2, 0, 1, 0), (2, 0, 1, 1), (2, 0, 1, 2), (2, 0, 2, 0), (2, 0, 2, 1), (2, 0, 2, 2)]
I move:
[2, 0, 0, 0] 46 (32, 69) 593 1.00133180618
with: [(2, 0, 0, 0), (2, 0, 0, 1), (2, 0, 0, 2), (2, 0, 1, 0), (2, 0, 1, 1), (2, 0, 1, 2), (2, 0, 2, 0), (2, 0, 2, 1), (2, 0, 2, 2)]
AI move:
[0, 0, 1, 2]
with: [(1, 2, 0, 0), (1, 2, 0, 1), (1, 2, 0, 2), (1, 2, 1, 0), (1, 2, 1, 1), (1, 2, 1, 2), (1, 2, 2, 0), (1, 2, 2, 1), (1, 2, 2, 2)]
I move:
[1, 2, 2, 2] 53 (22, 41) 537 1.00101399422
with: [(1, 2, 0, 0), (1, 2, 0, 1), (1, 2, 0, 2), (1, 2, 1, 0), (1, 2, 1, 1), (1, 2, 1, 2), (1, 2, 2, 0), (1, 2, 2, 1), (1, 2, 2, 2)]
AI move:
[2, 2, 0, 1]
with: [(0, 1, 0, 0), (0, 1, 0, 1), (0, 1, 0, 2), (0, 1, 1, 0), (0, 1, 1, 1), (0, 1, 1, 2), (0, 1, 2, 1), (0, 1, 2, 2)]
I move:
[0, 1, 1, 1] 44 (24, 54) 565 1.00037407875
with: [(0, 1, 0, 0), (0, 1, 0, 1), (0, 1, 0, 2), (0, 1, 1, 0), (0, 1, 1, 1), (0, 1, 1, 2), (0, 1, 2, 1), (0, 1, 2, 2)]
AI move:
[1, 1, 2, 0]
with: [(2, 0, 0, 1), (2, 0, 0, 2), (2, 0, 1, 0), (2, 0, 1, 1), (2, 0, 1, 2), (2, 0, 2, 0), (2, 0, 2, 1), (2, 0, 2, 2)]
I move:
[2, 0, 2, 0] 56 (43, 76) 545 1.00079202652
with: [(2, 0, 0, 1), (2, 0, 0, 2), (2, 0, 1, 0), (2, 0, 1, 1), (2, 0, 1, 2), (2, 0, 2, 0), (2, 0, 2, 1), (2, 0, 2, 2)]
AI move:
[2, 0, 1, 2]
with: [(1, 2, 0, 0), (1, 2, 0, 1), (1, 2, 0, 2), (1, 2, 1, 0), (1, 2, 1, 1), (1, 2, 1, 2), (1, 2, 2, 0), (1, 2, 2, 1)]
I move:
[1, 2, 0, 0] 51 (43, 83) 637 1.00140881538
with: [(1, 2, 0, 0), (1, 2, 0, 1), (1, 2, 0, 2), (1, 2, 1, 0), (1, 2, 1, 1), (1, 2, 1, 2), (1, 2, 2, 0), (1, 2, 2, 1)]
AI move:
[0, 0, 1, 0]
with: [(1, 0, 0, 0), (1, 0, 0, 1), (1, 0, 0, 2), (1, 0, 1, 0), (1, 0, 1, 1), (1, 0, 1, 2), (1, 0, 2, 0), (1, 0, 2, 1), (1, 0, 2, 2)]
I move:
[1, 0, 2, 1] 57 (41, 71) 534 1.00119686127
with: [(1, 0, 0, 0), (1, 0, 0, 1), (1, 0, 0, 2), (1, 0, 1, 0), (1, 0, 1, 1), (1, 0, 1, 2), (1, 0, 2, 0), (1, 0, 2, 1), (1, 0, 2, 2)]
AI move:
[2, 1, 0, 2]
with: [(0, 2, 0, 0), (0, 2, 0, 2), (0, 2, 1, 0), (0, 2, 1, 1), (0, 2, 1, 2), (0, 2, 2, 0), (0, 2, 2, 1), (0, 2, 2, 2)]
I move:
[0, 2, 0, 0] 51 (46, 89) 643 1.00110411644
with: [(0, 2, 0, 0), (0, 2, 0, 2), (0, 2, 1, 0), (0, 2, 1, 1), (0, 2, 1, 2), (0, 2, 2, 0), (0, 2, 2, 1), (0, 2, 2, 2)]
AI move:
[0, 0, 0, 0]
with: [(0, 0, 0, 1), (0, 0, 0, 2), (0, 0, 1, 1), (0, 0, 2, 0), (0, 0, 2, 1), (0, 0, 2, 2)]
I move:
[0, 0, 1, 1] 55 (54, 98) 511 1.00080299377
with: [(0, 0, 0, 1), (0, 0, 0, 2), (0, 0, 1, 1), (0, 0, 2, 0), (0, 0, 2, 1), (0, 0, 2, 2)]
AI move:
[1, 1, 0, 2]
with: [(0, 2, 0, 2), (0, 2, 1, 0), (0, 2, 1, 1), (0, 2, 1, 2), (0, 2, 2, 0), (0, 2, 2, 1), (0, 2, 2, 2)]
I move:
[0, 2, 1, 2] 50 (46, 91) 633 1.00109100342
with: [(0, 2, 0, 2), (0, 2, 1, 0), (0, 2, 1, 1), (0, 2, 1, 2), (0, 2, 2, 0), (0, 2, 2, 1), (0, 2, 2, 2)]
AI move:
[1, 2, 1, 0]
with: [(1, 0, 0, 0), (1, 0, 0, 1), (1, 0, 0, 2), (1, 0, 1, 0), (1, 0, 1, 1), (1, 0, 1, 2), (1, 0, 2, 0), (1, 0, 2, 2)]
I move:
[1, 0, 1, 1] 52 (41, 78) 603 1.24865889549
with: [(1, 0, 0, 0), (1, 0, 0, 1), (1, 0, 0, 2), (1, 0, 1, 0), (1, 0, 1, 1), (1, 0, 1, 2), (1, 0, 2, 0), (1, 0, 2, 2)]
AI move:
[1, 1, 1, 1]
with: [(0, 0, 0, 1), (0, 0, 0, 2), (0, 0, 2, 0), (0, 0, 2, 1), (0, 0, 2, 2), (0, 1, 0, 0), (0, 1, 0, 1), (0, 1, 0, 2), (0, 1, 1, 0), (0, 1, 1, 2), (0, 1, 2, 1), (0, 1, 2, 2), (0, 2, 0, 2), (0, 2, 1, 0), (0, 2, 1, 1), (0, 2, 2, 0), (0, 2, 2, 1), (0, 2, 2, 2), (1, 0, 0, 0), (1, 0, 0, 1), (1, 0, 0, 2), (1, 0, 1, 0), (1, 0, 1, 2), (1, 0, 2, 0), (1, 0, 2, 2), (1, 2, 0, 1), (1, 2, 0, 2), (1, 2, 1, 1), (1, 2, 1, 2), (1, 2, 2, 0), (1, 2, 2, 1), (2, 0, 0, 1), (2, 0, 0, 2), (2, 0, 1, 0), (2, 0, 1, 1), (2, 0, 2, 1), (2, 0, 2, 2), (2, 1, 0, 0), (2, 1, 0, 1), (2, 1, 1, 0), (2, 1, 1, 1), (2, 1, 1, 2), (2, 1, 2, 0), (2, 1, 2, 1), (2, 1, 2, 2), (2, 2, 0, 0), (2, 2, 0, 2), (2, 2, 1, 0), (2, 2, 1, 1), (2, 2, 1, 2), (2, 2, 2, 0), (2, 2, 2, 1), (2, 2, 2, 2)]
I move:
[1, 1, 2, 2] 52 (64, 123) 643 1.00120687485
with: [(1, 1, 0, 0), (1, 1, 0, 1), (1, 1, 1, 0), (1, 1, 1, 2), (1, 1, 2, 1), (1, 1, 2, 2)]
AI move:
[2, 2, 1, 0]
with: [(1, 0, 0, 0), (1, 0, 0, 1), (1, 0, 0, 2), (1, 0, 1, 0), (1, 0, 1, 2), (1, 0, 2, 0), (1, 0, 2, 2)]
I move:
[1, 0, 1, 0] 47 (51, 108) 632 1.00013303757
with: [(1, 0, 0, 0), (1, 0, 0, 1), (1, 0, 0, 2), (1, 0, 1, 0), (1, 0, 1, 2), (1, 0, 2, 0), (1, 0, 2, 2)]
AI move:
[1, 0, 1, 2]
with: [(1, 2, 0, 1), (1, 2, 0, 2), (1, 2, 1, 1), (1, 2, 1, 2), (1, 2, 2, 0), (1, 2, 2, 1)]
I move:
[1, 2, 0, 2] 51 (50, 97) 661 1.00130295753
with: [(1, 2, 0, 1), (1, 2, 0, 2), (1, 2, 1, 1), (1, 2, 1, 2), (1, 2, 2, 0), (1, 2, 2, 1)]
AI move:
[0, 2, 0, 2]
with: [(0, 2, 1, 0), (0, 2, 1, 1), (0, 2, 2, 0), (0, 2, 2, 1), (0, 2, 2, 2)]
I move:
[0, 2, 2, 0] 56 (37, 66) 374 1.00103211403
with: [(0, 2, 1, 0), (0, 2, 1, 1), (0, 2, 2, 0), (0, 2, 2, 1), (0, 2, 2, 2)]
AI move:
[2, 0, 1, 0]
with: [(1, 0, 0, 0), (1, 0, 0, 1), (1, 0, 0, 2), (1, 0, 2, 0), (1, 0, 2, 2)]
I move:
[1, 0, 0, 1] 48 (60, 123) 634 1.00077390671
with: [(1, 0, 0, 0), (1, 0, 0, 1), (1, 0, 0, 2), (1, 0, 2, 0), (1, 0, 2, 2)]
AI move:
[0, 1, 1, 2]
with: [(1, 2, 0, 1), (1, 2, 1, 1), (1, 2, 1, 2), (1, 2, 2, 0), (1, 2, 2, 1)]
I move:
[1, 2, 0, 1] 51 (72, 139) 661 1.00068998337
with: [(1, 2, 0, 1), (1, 2, 1, 1), (1, 2, 1, 2), (1, 2, 2, 0), (1, 2, 2, 1)]
AI move:
[0, 1, 0, 2]
with: [(0, 2, 1, 0), (0, 2, 1, 1), (0, 2, 2, 1), (0, 2, 2, 2)]
I move:
[2, 0, 1, 1] 69 (9, 13) 679 1.00103998184
with: [(0, 0, 0, 1), (0, 0, 0, 2), (0, 0, 2, 0), (0, 0, 2, 1), (0, 0, 2, 2), (0, 1, 0, 0), (0, 1, 0, 1), (0, 1, 1, 0), (0, 1, 2, 1), (0, 1, 2, 2), (1, 1, 0, 0), (1, 1, 0, 1), (1, 1, 1, 0), (1, 1, 1, 2), (1, 1, 2, 1), (2, 0, 0, 1), (2, 0, 0, 2), (2, 0, 1, 1), (2, 0, 2, 1), (2, 0, 2, 2), (2, 1, 0, 0), (2, 1, 0, 1), (2, 1, 1, 0), (2, 1, 1, 1), (2, 1, 1, 2), (2, 1, 2, 0), (2, 1, 2, 1), (2, 1, 2, 2), (2, 2, 0, 0), (2, 2, 0, 2), (2, 2, 1, 1), (2, 2, 1, 2), (2, 2, 2, 0), (2, 2, 2, 1), (2, 2, 2, 2)]
over.
False I (2, 0, 1, 1)
